$ANSIBLE_VAULT;1.1;AES256
35336164396435656637383832373563343138613630353434333339663539653236313938346666
3866383233343865643830353266333566643537666332360a613738643633633938623536646335
62313664376534633636376166336564336131363832393239306335333134663364653131356466
3834343334396431360a383661656338326539643634363462306330666137646335666664653064
61343632336136366435383238643532663830353138613737396536646132623164333137643766
33343734373463333365366662336464616166343634363264656630643437636230653032376230
61643265363838636635353531623061663165373035616362663931336162306562393732346262
39363835303731376531633932383363363665363630396438653634333036633732663238316665
32646232393266643462376566626130393533343165306233383962383932313232623666316237
30373262323431336536376361366534396431666661386535386636346131373333326536653734
65666434353236613165343163373864393365316538353666393266653937626333373931666263
31313333333631623862336262323132613062353734383637353031376339393832306331356464
62313036333766303265343566353834396536653262663764383038353738303562356235316132
61636637613463323365626539336664363432663266653432386364653163666538623534366464
65396462613832663166626365366335306364323232393436373538336564636431656464373034
35636363663435333637343231366633346138313266303539646134616638363232333464636339
63353235383830343532353633653231343538663761303365376661356230626236646533656339
35383035646630653861373934623562646538663036616363383561303934613737616330363636
30373130653265323562316338343763363165663566616635666136343831626535646438393465
30393830323639323161383664633039383031323733373863393933643862333930333365303939
33313533373439646165313137626632316534323864643238346562303236343331336434373934
34376664386133616466363264373366636431396161366130353966623832373665386331373231
35316437646431346364326430383363666238616138393835313231303133323836333066313739
62376337376362336431353335373936383838383336376264656236366333613836663563656464
37623364643665373465616666306337636530333132316162333436666535326434336636353266
37346437316461653039663131393936323865333033386137643861626662306132383864323232
32336362616531633730356463633538333635613537316466666137623332316636636562376634
33366263343761373836353030656261383933356664346563666538663332623335353739656162
32346231376236623465613938303436376331613132343834343965353239333965326533323732
36316532323835326561626361343663373862316630613664383036343032336461613232373861
62373834356665323463376137373035393930306366363738366232356631623033636563646666
66353935353831336563636531366163333737666563366365353634663638303262616233633736
37376538333136646266366137643935386365613530393762666663353335633263636261343162
35666666333263613138323462636266386534616330316666306161303561386361313466666337
66376566643537323133386164623738616234316464623763366338636434643635396264646430
37653430366637653861616261373031663231346138613465303166363932353137383630326638
33303234653732313631666533306332656234306538356136396265383232623434
